Run, velocity(km/s), b(km/s), Temp(K), N_fit, upper_N_err, lower_N_err, q_fit, upper_q_err, lower_q_err, area, area_err
T0.3_v1000_chi300_cond, 22.815, 971.452, 7112.922, 2.8134058702e+17, 2690254432.0, 2.81340586782e+17, 1.92518605049, 19.6902241716, 3.23212367981e-08, 8.58649288037e+15, 7410169.95053
T0.3_v1000_chi300_cond, 36.084, 912.943, 7305.873, 1.14053511159e+17, 1416515808.0, 1.14053510948e+17, 0.725886674699, 11.8710190274, 1.5797769537e-08, 6.50765923957e+15, 23211399.0
T0.3_v1000_chi300_cond, 61.264, 869.724, 9198.408, 1.09177767644e+17, 977489328.0, 1.09177767507e+17, 1.09987950704, 22.8378906154, 1.86035702399e-08, 4.73494606126e+15, 24674463.8868
T0.3_v1000_chi300_cond, 110.308, 777.661, 10704.644, 3.72416532581e+16, 329005600.0, 3.72416532432e+16, 0.517112841691, 21.4537059211, 8.13072376094e-09, 2.66626890934e+15, 2821614.5
T3_v3000_chi3000_cond, 21.406, 62.052, 13468.415, 1.53542042443e+16, 1.10720991081e+13, 1.53542042327e+16, 0.0195054308859, 44.788133871, 1.1442027221e-06, 7.18548683733e+15, 3632271.0
T3_v3000_chi3000_cond, 14.452, 36.049, 109716.496, 7.31714389089e+17, 13604381568.0, 7.31714389085e+17, 6.00759933039, 24.654837449, 0.000143845416718, 1.25256820449e+16, 38242662.143
T3_v3000_chi3000_cond, 43.461, 80.191, 14984.633, 1.61088403568e+17, 1651876640.0, 1.61088402337e+17, 1.15558518229, 17.2583526695, 2.26341070331e-08, 6.76587112371e+15, 40039711.5384
T3_v3000_chi3000_cond, 39.247, 73.23, 14687.991, 1.18513755998e+18, 40035139584.0, 1.18513755995e+18, 14.060993374, 17.1870580506, 0.263433663223, 1.54957919653e+16, 184040084.808
T1_v1700_chi1000_cond, 13.902, 118.863, 12104.168, 2.19674001643e+16, 1.21231722263e+12, 2.19673999012e+16, 0.0377795465058, 33.3372045556, 3.89322474467e-08, 7.63097801939e+15, 2746225.0
T1_v1700_chi1000_cond, 21.81, 116.996, 11326.607, 1.18223130956e+17, 966665952.0, 1.18223130944e+17, 0.613524587689, 28.6054739988, 9.27107957072e-09, 7.54824233793e+15, 73350615.0
T1_v1700_chi1000_cond, 27.238, 143.556, 10774.895, 5.67305965609e+17, 8574008000.0, 5.67305965601e+17, 6.03239289366, 22.2744586503, 1.35961274585e-05, 9.69527430118e+15, 31115403.2551
T1_v1700_chi1000_cond, 36.468, 107.24, 9861.17, 3.82951705381e+17, 5971670080.0, 3.82951705365e+17, 6.89421420835, 15.1679243804, 0.00046960433152, 6.21515202982e+15, 6472.99169452
T0.3_v1000_chi300, 108.631, 787.568, 14380.183, 4.29170917775e+16, 3838822376.0, 4.29170917744e+16, 0.220069706149, 31.9933290385, 3.21540663539e-09, 5.39990802598e+15, 20708166.0
T0.3_v1000_chi300, 143.983, 679.045, 14973.548, 4.05159250093e+16, 20610703984.0, 4.05159249445e+16, 0.245021392899, 33.9212612675, 4.63678885843e-08, 4.75594763125e+15, 14648548.0
T0.3_v1000_chi300, 158.933, 637.0, 14802.559, 3.31519507086e+16, 7834573276.0, 3.31519493734e+16, 0.205957492505, 15.5871022907, 2.47307344048e-09, 4.35247480732e+15, 18930625.5
T0.3_v1000_chi300, 204.466, 613.218, 18097.841, 9.62571326005e+15, 1.24541983681e+13, 9.62569250141e+15, 0.0652840042917, 27.5871227635, 2.09983284927e-09, 2.51476208967e+15, 29358363.0
T3_v3000_chi3000, 78.567, 226.852, 13304.491, 5.69820248571e+16, 264078424224.0, 5.69820247991e+16, 0.318986738811, 29.5389153706, 1.14044197419e-08, 5.62785835123e+15, 17192215.0
T3_v3000_chi3000, 113.605, 175.499, 14487.434, 4.22508088638e+16, 33559151408.0, 4.22508083077e+16, 0.307637279996, 30.4113713022, 5.55081541842e-09, 4.27377877305e+15, 11828433.5
T3_v3000_chi3000, 110.241, 173.148, 13726.002, 5.58524418232e+16, 264075672.0, 5.58524417962e+16, 0.563619001879, 15.1118118198, 5.82056303156e-09, 3.77453989901e+15, 10849337.0
T3_v3000_chi3000, 122.05, 261.052, 13939.147, 2.49604396517e+16, 187088588.0, 2.49604375271e+16, 0.304297323865, 21.8294360761, 3.86283527387e-09, 2.54302363332e+15, 6885687.5
T1_v1700_chi1000, 89.478, 350.066, 13570.464, 1.04543248989e+17, 971404608.0, 1.04543248985e+17, 0.959466455055, 28.1029784569, 1.39517949416e-08, 4.95769937933e+15, 24940665.6063
T1_v1700_chi1000, 125.109, 237.883, 15381.257, 5.11446067154e+16, 351033680.0, 5.11446066954e+16, 0.402342815343, 28.821085587, 4.96848445719e-09, 4.33034508329e+15, 41887797.0
T1_v1700_chi1000, 136.429, 253.366, 14692.176, 5.47614856097e+16, 491431808.0, 5.47614851824e+16, 0.56826224638, 18.2372074831, 8.87189977039e-09, 3.68052782436e+15, 12029839.0
T1_v1700_chi1000, 136.484, 409.679, 15111.329, 2.13361611408e+16, 171671724.0, 2.13361588057e+16, 0.229653459974, 20.970293743, 2.09309045096e-09, 2.61179034367e+15, 9181036.5
HC_v1000_chi300_cond, 173.587, 654.857, 11433.156, 1.524216642e+17, 1.76624899145e+14, 1.52421664183e+17, 0.0284239944216, 45.1181819676, 0.000133903990774, 6.05917681514e+16, 25418968.0
HC_v1000_chi300_cond, 182.918, 627.375, 11245.993, 1.04400728359e+17, 4.35449292504e+14, 1.04400727727e+17, 0.0183254427127, 37.452565954, 3.173346982e-06, 5.01092133598e+16, 26087488.0
HC_v1000_chi300_cond, 259.059, 496.764, 12139.581, 1.10308983081e+17, 1.71263895912e+15, 1.1030898288e+17, 0.0404266300376, 39.5828046426, 0.000156551406951, 3.70566261392e+16, 12828264.0
HC_v1000_chi300_cond, 371.032, 283.34, 12418.0, 1.01228022516e+17, 7.93470122053e+13, 1.01228022451e+17, 0.09094479323, 49.7396167603, 0.000485905562548, 2.19259411396e+16, 205377384.0
HC_v1700_chi1000_cond, 56.152, 61.522, 16727.823, 3.29938164592e+18, 45009233920.0, 3.29938164573e+18, 2.61847042493, 18.9772293448, 6.3024817365e-08, 8.42850559647e+16, 73598892.533
HC_v1700_chi1000_cond, 83.893, 267.429, 10384.746, 8.01783155692e+17, 6977791616.0, 8.0178315563e+17, 0.422570564794, 20.1993139644, 5.59841989434e-09, 6.57011935561e+16, 801926440.0
HC_v1700_chi1000_cond, 74.535, 75.258, 12662.511, 7.30734522249e+17, 9311516288.0, 7.30734522162e+17, 2.10370680691, 16.1130100694, 8.87179338882e-08, 2.11585529272e+16, 10351820.0857
HC_v1700_chi1000_cond, 75.139, 74.708, 12777.55, 6.99442506044e+17, 10234108160.0, 6.99442506033e+17, 2.04101789259, 22.7491981425, 5.17722829052e-08, 2.06170556298e+16, 4001164.83619
HC_v3000_chi3000_cond, 43.515, 31.343, 22977.467, 1.04908487499e+18, 1.49768552023e+14, 1.04908487499e+18, 0.453248314987, 37.372898817, 1.21105346862e-08, 8.20345814588e+16, 25069968.0
HC_v3000_chi3000_cond, 41.218, 44.095, 15641.202, 3.05948859331e+18, 195835671040.0, 3.05948859328e+18, 1.69599100421, 22.9713553792, 1.07279332084e-07, 1.00838152111e+17, 420781953.481
HC_v3000_chi3000_cond, 57.327, 59.384, 14931.707, 3.08837594086e+18, 405099168256.0, 3.08837594085e+18, 2.59552917601, 28.3318989239, 7.87982261663e-08, 7.92822675644e+16, 64132792.2539
HC_v3000_chi3000_cond, 62.335, 67.358, 11586.345, 1.64833341837e+18, 732141832704.0, 1.64833341837e+18, 2.39638674087, 26.4353350325, 3.62809874144e-07, 4.42617423009e+16, 27760401.5681
LowCond_v1700_chi300_cond, 43.643, 1594.327, 6606.489, 2.29379677549e+17, 1746148384.0, 2.2937965315e+17, 1.855554606, 15.0729003474, 3.15574291143e-08, 7.15746441174e+15, 24551713.9512
LowCond_v1700_chi300_cond, 67.171, 1540.867, 10664.578, 2.01789931957e+17, 1913675552.0, 2.01789930867e+17, 1.43248276754, 16.869580126, 2.49962464061e-08, 7.38789515258e+15, 77848133.8471
LowCond_v1700_chi300_cond, 77.328, 1522.925, 11401.948, 1.73610548008e+17, 2540037536.0, 1.73610547974e+17, 1.56697325473, 17.2547737209, 9.98067635205e-08, 6.00878757338e+15, 72674412.3023
LowCond_v1700_chi300_cond, 120.651, 1450.897, 12424.06, 7.69767494047e+16, 825078704.0, 7.69767493853e+16, 1.44369195769, 17.4695254708, 3.55710723099e-08, 2.80444911783e+15, 28844073.3789
T0.3_v1700_chi300_cond, 24.567, 1657.679, 12370.047, 1.75334623875e+16, 1.00002439021e+14, 1.7533462239e+16, 0.0249657233461, 39.4658561537, 4.04405232578e-05, 7.38793312262e+15, 3310773.0
T0.3_v1700_chi300_cond, 38.017, 1598.863, 8752.888, 1.11306146662e+17, 1635784016.0, 1.11306146646e+17, 0.840962208067, 24.2118547036, 1.58768769243e-08, 5.75864502812e+15, 52456287.9529
T0.3_v1700_chi300_cond, 60.787, 1528.813, 10597.241, 1.98662766303e+17, 1684943840.0, 1.98662766292e+17, 1.96625334741, 31.8336548152, 3.08497740686e-08, 5.98714907875e+15, 1293877.11791
T0.3_v1700_chi300_cond, 78.159, 1510.662, 10120.807, 2.25425256343e+17, 3260874784.0, 2.25425256282e+17, 3.72107315754, 19.7273928853, 1.79232507502e-07, 4.78543135091e+15, 23870.3755608
T0.3_v3000_chi300_cond, 18.896, 2948.84, 14822.075, 1.0704332033e+16, 8.04689867293e+12, 1.07043320313e+16, 0.00972577695603, 46.1529028939, 3.38101324907e-05, 6.45180901331e+15, 4405619.0
T0.3_v3000_chi300_cond, 83.329, 2905.955, 14554.061, 3.80798423474e+16, 1210714096.0, 3.80798422083e+16, 0.117085396399, 32.2589286718, 8.71698703497e-09, 7.10333037647e+15, 53845121.0
T0.3_v3000_chi300_cond, 123.662, 2869.24, 14193.342, 4.09305110623e+17, 13895589696.0, 4.09305106732e+17, 10.243842611, 18.5596411056, 0.000842858951941, 5.82103738669e+15, 1548502.79395
T0.3_v3000_chi300_cond, 176.042, 2648.65, 11486.14, 4.06905436634e+17, 5606501248.0, 4.06905436506e+17, 7.22863846461, 14.9357296252, 4.00392970823e-05, 6.48966564608e+15, 13723.5426922
T3_v860_chi3000_cond, 7.96, 107.485, 10552.6, 7.750245147e+16, 631519920.0, 7.75024443016e+16, 0.252943346422, 22.4472760195, 3.68219793545e-09, 8.91145283474e+15, 25848878.0
T3_v860_chi3000_cond, 8.916, 117.695, 6973.962, 2.36914504345e+16, 287569408.0, 2.36914504081e+16, 0.132812410956, 28.9551307766, 2.18061330104e-09, 4.09407156883e+15, 27728349.0
T3_v860_chi3000_cond, 11.089, 126.65, 11425.414, 4.59237272975e+17, 7126186176.0, 4.59237272967e+17, 5.1241184896, 15.2791730444, 0.00081466895155, 8.4010912435e+15, 3473978.59029
T3_v860_chi3000_cond, 16.827, 159.352, 10312.971, 1.98265420313e+17, 1874594848.0, 1.98265418691e+17, 3.98205007071, 12.9975776714, 4.16162573291e-07, 4.07153532402e+15, 52641.3029066
T10_v1500_chi10000_cond, 9.788, 69.779, 13960.975, 3.27929033154e+17, 2688878976.0, 3.27929032454e+17, 1.45317986984, 15.262073704, 2.69082693904e-08, 1.18980820617e+16, 120428229.623
T10_v1500_chi10000_cond, 7.473, 121.386, 13754.294, 4.09956095457e+17, 318669109056.0, 4.09956095456e+17, 2.55196151575, 19.5344277878, 3.19780732894e-05, 1.06240772161e+16, 7600436.8686
T10_v1500_chi10000_cond, 11.833, 100.265, 12580.858, 1.50032224049e+17, 2832638464.0, 1.50032221094e+17, 1.10815954577, 15.7583249252, 3.32495448951e-08, 6.47511966883e+15, 35104381.6681
T10_v1500_chi10000_cond, 15.256, 73.157, 10527.292, 3.00985711045e+17, 3528704512.0, 3.00985711033e+17, 4.62180963135, 18.9990626571, 4.20402823931e-06, 5.76411361339e+15, 603653.064346
T1_v480_chi1000_cond, 3.848, 224.58, 9774.408, 2.16720662368e+17, 2670383680.0, 2.16720656585e+17, 1.11655622666, 12.1937796083, 1.69113767434e-08, 9.30751583714e+15, 52052962.608
T1_v480_chi1000_cond, 6.895, 497.92, 7629.837, 1.37590894331e+17, 1706192928.0, 1.37590894298e+17, 0.987094672732, 15.7669883654, 2.49489375825e-08, 6.40432558014e+15, 62585923.8369
T1_v480_chi1000_cond, 7.166, 503.55, 7795.612, 1.27030735897e+17, 1171249296.0, 1.27030735828e+17, 1.56659796354, 16.6424052775, 2.67768824891e-08, 4.39728147347e+15, 53097449.0928
T1_v480_chi1000_cond, 10.741, 191.029, 7197.121, 2.71685143786e+16, 2048101320.0, 2.71685141908e+16, 0.470085921468, 19.8853201443, 6.62398214057e-09, 2.07328521295e+15, 894417.5
T0.3_v1700_chi300, 128.158, 1427.92, 13727.281, 1.29495442408e+17, 1203985376.0, 1.29495442323e+17, 1.02387900814, 28.8817258852, 1.93676945592e-08, 5.88469547188e+15, 28943250.1929
T0.3_v1700_chi300, 166.759, 1350.117, 13411.287, 1.30016484391e+17, 971769216.0, 1.30016484391e+17, 1.17700413495, 26.6906868043, 1.60101951696e-08, 5.39635494141e+15, 31546944.4627
T0.3_v1700_chi300, 154.339, 1374.064, 12237.471, 7.05433131721e+16, 8224396632.0, 7.05433131334e+16, 0.587592509792, 24.8781163617, 2.56724569381e-08, 4.63617180622e+15, 30973005.0
T0.3_v1700_chi300, 239.721, 1292.117, 17616.808, 2.63094324411e+16, 3471998764.0, 2.63094323619e+16, 0.344900269196, 23.7981469347, 3.93200566551e-09, 2.46768833282e+15, 10491937.0
T0.3_v3000_chi300, 185.008, 2603.741, 13247.68, 1.02188753367e+17, 68806819024.0, 1.02188752942e+17, 0.498534829447, 24.4462084616, 1.05010447005e-08, 7.49753246017e+15, 5585113.0
T0.3_v3000_chi300, 237.057, 2478.92, 14386.467, 1.60915591568e+17, 1460328992.0, 1.60915591535e+17, 1.58582354073, 31.5900629354, 2.89251043117e-08, 5.52817244759e+15, 73005659.4645
T0.3_v3000_chi300, 248.333, 2438.712, 12842.491, 1.14636274276e+17, 779293856.0, 1.14636274215e+17, 0.96193157737, 22.9422169085, 1.20192109598e-08, 5.42716952196e+15, 24302675.3395
T0.3_v3000_chi300, 405.505, 2137.001, 15817.135, 3.44736505873e+16, 827990892.0, 3.44736504289e+16, 0.48066453, 30.9702927745, 5.68543279122e-09, 2.59187489302e+15, 1374408.0
T3_v430_chi3000, 17.444, 79.922, 12184.87, 4.35519966945e+15, 3.15191062403e+14, 4.35519963977e+15, 0.00302167137129, 43.8101568044, 1.01757623439e-05, 3.48630319629e+15, 2767892.0
T3_v430_chi3000, 21.053, 116.518, 12373.72, 3.86918325586e+15, 4.65347897762e+14, 3.86910889247e+15, 0.00190361610811, 30.1591823612, 4.10202099688e-07, 3.31884055924e+15, 2100794.0
T3_v430_chi3000, 31.672, 89.054, 13925.08, 6.8535741657e+15, 4.54921015578e+12, 6.85357412065e+15, 0.0239202234337, 41.0068757401, 2.90121518781e-07, 2.94246955862e+15, 1347051.5
T3_v430_chi3000, 46.764, 68.702, 15478.01, 6.35050706523e+15, 3.42260850038e+13, 6.35050702747e+15, 0.0293217500682, 35.5013556709, 4.48863317594e-06, 2.48874350202e+15, 1027345.0
T3_v860_chi3000, 19.818, 204.607, 11104.039, 8.73347881391e+15, 1.68779399948e+13, 8.73347836541e+15, 0.0101001417397, 47.9270627691, 1.00874088567e-07, 5.2006993557e+15, 3500672.0
T3_v860_chi3000, 33.868, 124.746, 12287.258, 1.05576171415e+16, 5.16274411349e+13, 1.05576168982e+16, 0.0211666828274, 38.793018341, 2.11072246739e-06, 4.77612783371e+15, 2321535.0
T3_v860_chi3000, 60.634, 103.18, 15746.018, 9.52467214998e+15, 4.60215098765e+13, 9.52467213431e+15, 0.0353429734578, 43.5491032667, 6.94714177678e-05, 3.41780580371e+15, 1276630.5
T3_v860_chi3000, 76.089, 104.526, 17234.952, 6.92554196639e+15, 5.50540994765e+12, 6.9255379155e+15, 0.0492216452304, 34.8206139408, 9.06434087719e-08, 2.10452682475e+15, 28753509.0
T1_v3000_chi1000, 126.708, 213.967, 13599.782, 2.26926369255e+17, 1608628416.0, 2.26926369221e+17, 1.99367008655, 21.3252810529, 2.80206737813e-08, 6.78276377515e+15, 214526.303714
T1_v3000_chi1000, 169.041, 223.046, 13875.655, 1.31487881635e+17, 1452163168.0, 1.31487881297e+17, 1.1749811872, 26.3779005344, 2.12938877642e-08, 5.46349391013e+15, 32007268.2569
T1_v3000_chi1000, 133.708, 319.062, 10543.308, 6.5271107463e+16, 580460432.0, 6.52711074568e+16, 0.569752266744, 23.4771652612, 9.64007318416e-09, 4.37919240018e+15, 14950656.0
T1_v3000_chi1000, 275.134, 243.244, 18719.186, 1.55560964548e+16, 114683417098.0, 1.55560964099e+16, 0.178254140612, 36.6435873527, 5.04111740129e-08, 2.23878837381e+15, 11953478.5
T10_v1500_chi10000, 25.497, 105.682, 11652.332, 8.13641345096e+15, 5.16118483146e+13, 8.13641094614e+15, 0.0117331220262, 34.759577113, 2.65733187519e-07, 4.60970311094e+15, 2921991.0
T10_v1500_chi10000, 41.791, 96.509, 14066.45, 1.46253504602e+16, 3.19354623981e+12, 1.46253493153e+16, 0.0408490902695, 30.21780812, 8.58225506634e-09, 4.88774008299e+15, 1681836.0
T10_v1500_chi10000, 42.321, 84.043, 12744.328, 2.7803642381e+16, 3937428064.0, 2.78036419042e+16, 0.181010933143, 12.6051916815, 1.43842157629e-09, 3.96280307965e+15, 20807044.5
T10_v1500_chi10000, 58.697, 103.648, 15543.352, 7.63902911316e+15, 5.37330367577e+12, 7.63900509699e+15, 0.0490193294697, 39.1476584171, 1.42127613567e-08, 2.32631839653e+15, 31852747.5
T1_v480_chi1000, 22.107, 224.534, 11175.538, 6.84930452406e+15, 1.3156173873e+14, 6.84930451716e+15, 0.00855315952242, 43.5871518229, 1.69753172975e-05, 4.29538991424e+15, 3071980.0
T1_v480_chi1000, 35.002, 326.039, 12562.623, 9.38577054218e+15, 2.27394717899e+13, 9.38576787147e+15, 0.025651218689, 32.0999823457, 6.60382035479e-08, 3.90768837317e+15, 1727485.0
T1_v480_chi1000, 56.307, 144.048, 13501.782, 1.70825735375e+16, 3.85307189641e+12, 1.70825718061e+16, 0.061953839752, 42.834623096, 6.31203107518e-07, 4.59255941597e+15, 55285927.0
T1_v480_chi1000, 86.221, 154.861, 17420.142, 7.4653090584e+15, 2.97380910604e+12, 7.46530774204e+15, 0.0375892443785, 29.2706823626, 8.41137445806e-09, 2.59970990797e+15, 938257.5
