Run, velocity(km/s), b(km/s), Temp(K), N_fit, upper_N_err, lower_N_err, q_fit, upper_q_err, lower_q_err, area, area_err
T0.3_v1000_chi300_cond, 30.974, 15.276, 5570.371, 8.48413245577e+15, 81352236.0, 8.48413242871e+15, 1.60500159298, 18.5104497023, 3.31994962632e-08, 2.8930300943e+14, 2926058.0465
T0.3_v1000_chi300_cond, 37.679, 36.896, 5167.951, 4.86989174455e+15, 46999181.0, 4.86989108141e+15, 0.880307631849, 11.1755494465, 1.16330690636e-08, 2.44438569064e+14, 3533244.25092
T0.3_v1000_chi300_cond, 59.27, 45.149, 8029.439, 3.03481646243e+15, 20736134.5, 3.03481215598e+15, 1.60531016875, 7.48914388474, 1.815828643e-08, 1.03472802674e+14, 1043652.45945
T0.3_v1000_chi300_cond, 110.171, 99.171, 9745.443, 6.04031236871e+14, 4771574.75, 6.04030146316e+14, 0.551547787855, 10.2418107867, 5.42822742311e-09, 4.14171382233e+13, 88511.3125
T3_v3000_chi3000_cond, 17.454, 33.464, 11683.147, 1.89406998571e+14, 71947257003.4, 1.894063286e+14, 0.0213554314115, 25.9727740257, 3.39617476502e-10, 8.53660009728e+13, 41316.015625
T3_v3000_chi3000_cond, 11.63, 40.602, 21445.26, 3.21058868996e+14, 2860158.1875, 3.21057967892e+14, 3.77284311957, 4.88151214684, 7.84579108348e-08, 6.76918151993e+12, 40.5750308198
T3_v3000_chi3000_cond, 44.709, 45.182, 10241.119, 2.31331000815e+15, 51032618.5, 2.31330987856e+15, 1.36038768284, 24.4117392027, 3.51283178102e-08, 8.75077434745e+13, 1186998.10171
T3_v3000_chi3000_cond, 39.163, 47.085, 13328.676, 1.20087450961e+16, 261354416.0, 1.20087448977e+16, 14.1421858816, 13.0834358407, 0.0609208491433, 1.56801633772e+14, 1985276.46516
T1_v1700_chi1000_cond, 13.488, 23.851, 11381.687, 2.59545443255e+14, 4604935402.97, 2.59545418033e+14, 0.0349736129986, 41.8241915794, 5.21539746806e-09, 9.36076744288e+13, 35167.140625
T1_v1700_chi1000_cond, 26.645, 26.275, 7219.168, 2.82535809919e+15, 16988866.0, 2.82526413558e+15, 0.762283919643, 7.25625916149, 7.66488739146e-09, 1.56036492727e+14, 365125.53125
T1_v1700_chi1000_cond, 30.3, 30.995, 9258.572, 1.17013933571e+16, 154889446.0, 1.17013933336e+16, 7.28972142344, 17.2075127746, 1.56060370937e-06, 1.86054753649e+14, 445.646382987
T1_v1700_chi1000_cond, 38.175, 31.953, 8717.93, 7.70432177469e+15, 104303202.0, 7.70432150016e+15, 7.79567423398, 14.2607070535, 5.07612826617e-06, 1.19615889361e+14, 764.272384146
T0.3_v1000_chi300, 98.278, 57.816, 10100.0, 1.52267508159e+15, 49888917.0, 1.52267506538e+15, 0.798310476337, 30.4684304788, 1.52524279873e-08, 8.15484738711e+13, 116049.109375
T0.3_v1000_chi300, 126.43, 78.445, 10001.275, 1.13884401534e+15, 20933972.5, 1.13884388184e+15, 0.529165114978, 24.1236530075, 5.87667914331e-09, 8.02855578931e+13, 107245.5
T0.3_v1000_chi300, 137.068, 68.734, 9684.14, 7.23403504439e+14, 7508712.125, 7.23403322784e+14, 0.319910031393, 20.2615105475, 4.24644014396e-09, 7.13111712867e+13, 219933.65625
T0.3_v1000_chi300, 193.583, 113.611, 11874.302, 1.41830713199e+14, 597367150276.0, 1.41830240764e+14, 0.101877919812, 28.0195565359, 2.22675439199e-09, 2.87446812625e+13, 246052.511719
T3_v3000_chi3000, 69.531, 66.485, 8977.446, 2.58114097327e+15, 22585334.5, 2.58114093681e+15, 1.23385936193, 24.6928979753, 2.11045296794e-08, 1.0392324202e+14, 541581.615155
T3_v3000_chi3000, 91.196, 66.466, 8571.96, 2.01835212194e+15, 9929526.5, 2.01835175735e+15, 0.885089303625, 18.2022867022, 7.34315774853e-09, 1.00946579691e+14, 1311056.22181
T3_v3000_chi3000, 92.202, 63.547, 9124.417, 1.51555305231e+15, 14539857.0, 1.51555257776e+15, 0.937147459622, 16.0446519436, 1.16535746608e-08, 7.29934480206e+13, 868220.715324
T3_v3000_chi3000, 113.624, 80.633, 10345.847, 4.42153089554e+14, 3272136.8125, 4.42153069858e+14, 0.406728681006, 24.0504305842, 5.50210615957e-09, 3.71669693843e+13, 379812.53125
T1_v1700_chi1000, 81.2, 69.129, 9592.323, 3.63355851082e+15, 32002818.5, 3.63355769737e+15, 2.46777932486, 10.3984977867, 6.30893453035e-08, 9.59582372434e+13, 60178.7372717
T1_v1700_chi1000, 107.643, 83.049, 9830.511, 2.49196957326e+15, 18514252.0, 2.49194453657e+15, 1.65014249831, 7.12786638724, 2.13024207163e-08, 8.35298525318e+13, 554675.336851
T1_v1700_chi1000, 119.204, 70.938, 10004.481, 1.350620736e+15, 10770349.0, 1.35062055483e+15, 0.986722359753, 15.8897293469, 1.64683283677e-08, 6.28817552619e+13, 643076.94093
T1_v1700_chi1000, 125.07, 83.626, 10854.393, 3.62494128402e+14, 1885074.125, 3.6247682016e+14, 0.347276032481, 4.29386588674, 2.81777856603e-09, 3.38457980373e+13, 149017.289062
HC_v1000_chi300_cond, 166.436, 106.534, 10122.307, 2.43868106207e+15, 792984287460.0, 2.43868105103e+15, 0.0325253517773, 43.9207846165, 1.75980078309e-06, 9.10544327298e+14, 355830.125
HC_v1000_chi300_cond, 178.671, 122.105, 10200.092, 1.66534329396e+15, 1.8557171445e+12, 1.66534323438e+15, 0.0223478308431, 35.4606553582, 3.13218989221e-07, 7.36257641709e+14, 348542.75
HC_v1000_chi300_cond, 254.25, 196.234, 10852.24, 1.60552430668e+15, 1.55879942264e+12, 1.60552210564e+15, 0.0475439829412, 42.7764243787, 1.35301765208e-08, 4.96735567397e+14, 6911200.75
HC_v1000_chi300_cond, 364.977, 299.189, 11015.777, 1.50075150812e+15, 124062330692.0, 1.50075061896e+15, 0.121132250979, 35.6410024671, 3.16092826913e-09, 2.74268603551e+14, 2016198.875
HC_v1700_chi1000_cond, 57.96, 54.193, 12733.29, 4.28208993553e+16, 622481224.0, 4.28208993108e+16, 3.1951297365, 17.9741343359, 2.20657319971e-07, 9.82427345062e+14, 9068306.29906
HC_v1700_chi1000_cond, 81.488, 57.212, 9801.514, 1.65378106477e+16, 128251708.0, 1.65378085978e+16, 0.650958356503, 11.9512244883, 7.25275184355e-09, 1.0148619372e+15, 12660250.375
HC_v1700_chi1000_cond, 74.458, 74.161, 12357.206, 8.75773020343e+15, 82578021.0, 8.75769834198e+15, 2.36658756973, 6.62227246599, 4.4624191009e-08, 2.36850840985e+14, 151812.422809
HC_v1700_chi1000_cond, 75.083, 73.748, 12422.12, 8.61493961152e+15, 74208025.0, 8.61493543084e+15, 2.38224624789, 7.87565150318, 4.51876021046e-08, 2.32113607826e+14, 146926.291792
HC_v3000_chi3000_cond, 59.199, 33.949, 15445.26, 1.004467688e+16, 96649998.0, 1.00446768607e+16, 0.54082012657, 13.9556630223, 9.08895836371e-09, 6.97864557016e+14, 1180305.125
HC_v3000_chi3000_cond, 46.0, 34.412, 13514.111, 3.78272810408e+16, 383118736.0, 3.78272809276e+16, 2.07433769304, 13.0382595628, 5.6154102257e-08, 1.10439848063e+15, 401770.59221
HC_v3000_chi3000_cond, 58.633, 53.633, 12967.19, 4.02502013167e+16, 410446184.0, 4.02502012478e+16, 3.19706743791, 12.0145924637, 8.74613655721e-07, 9.23155735348e+14, 8583063.28955
HC_v3000_chi3000_cond, 62.249, 61.411, 11280.316, 2.16223276526e+16, 263732396.0, 2.16223273657e+16, 2.55470012909, 12.5481748625, 9.71733178368e-08, 5.60009591508e+14, 403337.405502
LowCond_v1700_chi300_cond, 59.993, 57.494, 3801.54, 9.32436056558e+15, 76024226.0, 9.32435916987e+15, 1.18684716298, 12.5127509207, 1.78582360011e-08, 3.84933545084e+14, 2221736.23231
LowCond_v1700_chi300_cond, 69.473, 58.558, 8509.918, 5.63843432192e+15, 40335303.0, 5.63842956596e+15, 2.39466942879, 12.8393593056, 4.22588293247e-08, 1.51467443981e+14, 95093.1225785
LowCond_v1700_chi300_cond, 77.537, 76.525, 10484.857, 2.66386671221e+15, 23014698.0, 2.66386660089e+15, 1.74325119698, 14.7268337383, 2.85046350967e-08, 8.63336455181e+13, 1284617.91573
LowCond_v1700_chi300_cond, 118.8, 107.452, 11095.217, 1.03877868695e+15, 8907364.0, 1.03877864587e+15, 1.53959348047, 12.7435522505, 2.69774922401e-08, 3.63498359052e+13, 396491.536115
T0.3_v1700_chi300_cond, 22.283, 29.364, 11417.188, 2.27235527356e+14, 113476874620.0, 2.27235131986e+14, 0.0285359727861, 41.7002261224, 1.92371407658e-08, 9.01701221926e+13, 37750.125
T0.3_v1700_chi300_cond, 65.687, 49.407, 3771.189, 3.65905663122e+15, 443105188.5, 3.65905084305e+15, 0.533622890636, 13.1269536382, 1.25788784944e-08, 2.56508583744e+14, 374392.5625
T0.3_v1700_chi300_cond, 70.354, 66.641, 8234.324, 4.34606503089e+15, 29971013.0, 4.34606495475e+15, 2.14600124461, 15.4669668204, 3.43401578284e-08, 1.2438072981e+14, 76672.2639268
T0.3_v1700_chi300_cond, 81.954, 78.717, 8570.042, 4.71916739185e+15, 51434150.0, 4.71916669063e+15, 4.25392476971, 12.834026834, 1.04151220981e-07, 9.39081929844e+13, 3119.23286894
T0.3_v3000_chi300_cond, 9.227, 27.929, 10746.701, 1.50530128117e+14, 50456503032.1, 1.50528210151e+14, 0.0118356292163, 29.7886032128, 1.29727676344e-09, 8.50291312485e+13, 53704.375
T0.3_v3000_chi300_cond, 85.27, 83.852, 12441.673, 4.39028580898e+14, 60827193.25, 4.39020281976e+14, 0.132620362669, 12.4421327399, 1.24273255575e-09, 7.59347827544e+13, 514936.21875
T0.3_v3000_chi300_cond, 154.271, 44.368, 5608.875, 2.74176356484e+15, 4023841892.0, 2.74176161448e+15, 1.06438318036, 20.5680140072, 8.17278407172e-08, 1.21475987596e+14, 461259.494514
T0.3_v3000_chi300_cond, 176.3, 169.551, 10287.693, 6.9229020446e+15, 133523484.0, 6.92290199476e+15, 8.64315340659, 13.3021886591, 0.0218402496844, 1.03799316581e+14, 2854.3601367
T3_v860_chi3000_cond, 7.899, 27.405, 10213.816, 1.12631198642e+15, 9764139.75, 1.12631194167e+15, 0.257921650866, 19.528544489, 3.31346061699e-09, 1.27874028771e+14, 358726.90625
T3_v860_chi3000_cond, 16.208, 18.803, 1898.29, 3.48293713352e+15, 22376558.5, 3.48293678235e+15, 0.216008438158, 14.5512678468, 2.47009959708e-09, 4.43510146355e+14, 1764682.1875
T3_v860_chi3000_cond, 10.347, 11.09, 10188.597, 8.18545220702e+15, 95604272.0, 8.18545202401e+15, 6.30688248561, 15.5129463484, 2.3613589395e-07, 1.37446652658e+14, 751774.314017
T3_v860_chi3000_cond, 17.228, 7.925, 9003.749, 3.86380370369e+15, 39680242.0, 3.86376764647e+15, 4.43724274175, 11.4864568937, 1.18939268212e-07, 7.5389356375e+13, 4513.10219193
T10_v1500_chi10000_cond, 2.36, 31.727, 12178.406, 2.61742765823e+15, 25670740.0, 2.61742677677e+15, 0.864310100731, 14.9304293409, 1.5308768031e-08, 1.32982891813e+14, 752424.274602
T10_v1500_chi10000_cond, 23.042, 26.706, 7562.619, 4.19280529114e+15, 38720680.0, 4.19280460363e+15, 1.01541633141, 8.91573687559, 1.94081601901e-08, 1.91572842281e+14, 1961883.247
T10_v1500_chi10000_cond, 11.078, 16.947, 11152.223, 2.27418916743e+15, 55009172.5, 2.27418855884e+15, 1.50383716993, 14.908183791, 5.83130512766e-08, 8.07575986685e+13, 812740.218179
T10_v1500_chi10000_cond, 15.569, 11.397, 9857.953, 5.04273713282e+15, 56743346.0, 5.04273711038e+15, 5.18873621912, 20.4306507567, 6.28642062228e-06, 9.17513006747e+13, 44642.5983351
T1_v480_chi1000_cond, 3.175, 8.703, 9452.56, 2.97083618501e+15, 26593588.0, 2.97083165918e+15, 0.91094622086, 11.7848443572, 8.79014239175e-09, 1.45784762004e+14, 1006645.94348
T1_v480_chi1000_cond, 7.187, 5.81, 6138.213, 4.38138756857e+15, 42292031.5, 4.38138753343e+15, 1.09883836465, 17.4094399368, 2.27347809467e-08, 1.90134093179e+14, 985209.261606
T1_v480_chi1000_cond, 7.19, 9.857, 6511.835, 4.40802787827e+15, 31596858.5, 4.40801830187e+15, 2.08239946695, 11.0026557939, 3.02284264286e-08, 1.28402119542e+14, 51495.6792312
T1_v480_chi1000_cond, 10.71, 10.503, 6270.096, 8.51446216178e+14, 6878662.125, 8.51445470165e+14, 0.484017970718, 15.176435487, 6.45862241466e-09, 6.37181764935e+13, 36025.65625
T0.3_v1700_chi300, 111.841, 83.059, 7668.665, 5.00434091039e+15, 39491953.0, 5.00434087606e+15, 1.84073310044, 20.6002221196, 4.7782088064e-08, 1.56911560178e+14, 676919.75219
T0.3_v1700_chi300, 139.866, 93.15, 8655.703, 5.40471444881e+15, 34279831.0, 5.40470543608e+15, 2.67118637453, 10.3012566161, 3.34505063648e-08, 1.36549603378e+14, 145361.111045
T0.3_v1700_chi300, 141.703, 110.11, 8615.078, 1.86397811559e+15, 13063867.25, 1.86397185023e+15, 0.966291919386, 10.6186758382, 1.12058605728e-08, 8.79833992162e+13, 1182715.55827
T0.3_v1700_chi300, 226.888, 111.075, 11672.649, 3.84745623976e+14, 1644612.5625, 3.84745328466e+14, 0.470713668144, 29.0926845874, 3.67637298382e-09, 2.93345309643e+13, 12813.1210938
T0.3_v3000_chi300, 175.063, 125.133, 9797.725, 4.01210396947e+15, 36441701.0, 4.01210393207e+15, 2.02962248188, 18.3283038578, 4.0059607187e-08, 1.18655118105e+14, 15980.1331749
T0.3_v3000_chi300, 219.614, 160.311, 10221.913, 3.7273906913e+15, 18475745.0, 3.72738615659e+15, 2.48665652269, 9.93099077177, 2.97245543734e-08, 9.80136417227e+13, 62482.7155585
T0.3_v3000_chi300, 234.915, 131.919, 10122.956, 1.92124634913e+15, 11657613.5, 1.9212461157e+15, 1.14186403655, 12.6960640971, 1.1795299848e-08, 8.13208724056e+13, 478282.556021
T0.3_v3000_chi300, 395.646, 359.596, 11643.877, 5.13733211404e+14, 4743294.375, 5.13733136501e+14, 0.655505734172, 26.4147291311, 5.54057721924e-09, 3.1379374527e+13, 436790.917969
T3_v430_chi3000, 15.408, 25.005, 10106.575, 7.37728069222e+13, 5.22079704479e+12, 7.37705902045e+13, 0.00360906106455, 35.60683023, 8.17632219144e-08, 5.71675089712e+13, 46819.1015625
T3_v430_chi3000, 17.935, 38.538, 9721.69, 7.25667826452e+13, 1.04741183178e+12, 7.25655916575e+13, 0.00280271299836, 35.836108916, 5.1431869764e-08, 5.88325703378e+13, 45710.1328125
T3_v430_chi3000, 29.297, 28.415, 10467.735, 1.25647816658e+14, 61207925438.0, 1.25647762756e+14, 0.0402038821116, 37.630219027, 1.12700345029e-08, 4.23258108178e+13, 14699.34375
T3_v430_chi3000, 44.024, 29.369, 11630.525, 8.76271556794e+13, 413068487725.0, 8.76262419338e+13, 0.0382397992322, 38.2649544848, 1.84729058439e-08, 3.02591003459e+13, 10815.0820312
T3_v860_chi3000, 17.737, 39.758, 9367.336, 1.57359701999e+14, 432543641615.0, 1.57358850607e+14, 0.0115817291522, 34.0333597308, 8.58184639671e-10, 8.9548785235e+13, 57069.21875
T3_v860_chi3000, 31.43, 34.614, 9685.823, 1.95213666416e+14, 16713979305.8, 1.95212676686e+14, 0.0290082021652, 28.2123924742, 5.14700115861e-10, 7.68828797424e+13, 31914.75
T3_v860_chi3000, 55.687, 36.745, 11232.002, 1.6135833933e+14, 22165059381.9, 1.61358019429e+14, 0.0579733852532, 37.5425743997, 5.89753024194e-10, 4.49670483246e+13, 562168.039062
T3_v860_chi3000, 71.075, 44.938, 11950.121, 9.88847165163e+13, 4530308995.5, 9.88840881274e+13, 0.0706449633366, 23.3858854777, 1.02325117823e-09, 2.47299434472e+13, 275186.285156
T1_v3000_chi1000, 115.338, 76.028, 10124.901, 5.50463522684e+15, 46743881.0, 5.50463490042e+15, 3.18296616581, 13.4659930596, 6.1761289416e-08, 1.26543664359e+14, 1116044.42638
T1_v3000_chi1000, 139.265, 84.852, 8658.71, 4.53029554016e+15, 39521900.0, 4.53029354385e+15, 2.00890847121, 14.3870635182, 3.56198559537e-08, 1.34797915001e+14, 5509.97754185
T1_v3000_chi1000, 121.419, 124.654, 6891.097, 2.43774835865e+15, 22817802.5, 2.43774776538e+15, 0.954914167215, 12.8853456321, 2.17663704838e-08, 1.15966290089e+14, 713195.186155
T1_v3000_chi1000, 270.015, 222.895, 12649.432, 2.02931432501e+14, 404387159.406, 2.02931350818e+14, 0.250382370164, 27.4634616218, 3.20375714846e-09, 2.34885363879e+13, 69408.7539062
T10_v1500_chi10000, 22.488, 30.311, 9224.949, 1.9078532233e+14, 305516699976.0, 1.90783147418e+14, 0.02525807802, 28.2078086924, 9.59640471254e-10, 7.99775053976e+13, 35631.8125
T10_v1500_chi10000, 36.155, 30.355, 10177.402, 2.79322967406e+14, 28184024859.2, 2.79322789109e+14, 0.060698940735, 41.2628522835, 2.93967242215e-09, 7.59340626049e+13, 924929.140625
T10_v1500_chi10000, 38.768, 30.487, 10073.02, 5.27232996181e+14, 41082670.4375, 5.27232613417e+14, 0.249788489015, 12.6987613253, 1.80990181176e-09, 6.11194561496e+13, 181409.6875
T10_v1500_chi10000, 54.984, 40.027, 11549.167, 1.2459725738e+14, 3348603800.69, 1.24589197001e+14, 0.0839689948572, 14.5031771879, 1.12447721967e-09, 2.82597268028e+13, 280547.386719
T1_v480_chi1000, 19.271, 35.795, 9186.493, 1.08318007191e+14, 2.92093302006e+12, 1.08314271295e+14, 0.00521429937724, 32.9409798002, 1.37474859907e-08, 7.7570340173e+13, 62870.8125
T1_v480_chi1000, 31.896, 40.918, 9448.613, 2.02837054461e+14, 188418517566.0, 2.02835729408e+14, 0.0412327305198, 27.0562177525, 6.60140643538e-10, 6.7471216681e+13, 23089.53125
T1_v480_chi1000, 50.51, 41.042, 10131.818, 3.38750050511e+14, 784602453.312, 3.38747973039e+14, 0.105967764373, 21.0971442927, 6.36172933777e-10, 6.70727409385e+13, 555314.867188
T1_v480_chi1000, 81.011, 47.856, 11985.842, 1.04249587377e+14, 14962447660.7, 1.04249167108e+14, 0.056839785308, 37.8914907594, 1.16279207027e-08, 2.93615476587e+13, 371139.179688
