Run, velocity(km/s), b(km/s), Temp(K), N_fit, upper_N_err, lower_N_err, q_fit, upper_q_err, lower_q_err, area, area_err
T0.3_v1000_chi300_cond, 27.879, 966.335, 216910.907, 3.79156854211e+13, 435246.351562, 3.78836080892e+13, 1.45161059427, 4.18799247614, 1.9025951925e-08, 1.37661116832e+12, 13966.3818573
T0.3_v1000_chi300_cond, 44.139, 904.463, 284500.585, 3.20785910989e+13, 334018.316406, 3.20780165402e+13, 1.31981027654, 14.9516742436, 2.70534865621e-08, 1.23707338114e+12, 5163.68511606
T0.3_v1000_chi300_cond, 82.401, 848.527, 245729.54, 2.19894393322e+13, 336769.730469, 2.19884797338e+13, 0.675424189652, 10.4114105044, 7.03142999381e-09, 1.31652193506e+12, 7674.63916016
T0.3_v1000_chi300_cond, 129.522, 758.297, 227861.085, 3.624925212e+13, 420894.257812, 3.62489595133e+13, 0.755919512293, 14.5921013059, 1.2795156934e-08, 2.01315460016e+12, 5097.09643555
T3_v3000_chi3000_cond, 29.058, 255.399, 219435.74, 1.18796406781e+14, 8450968951.77, 1.1879522034e+14, 0.199338678417, 26.8920225774, 3.46599754453e-09, 1.5925587324e+13, 73223.8144531
T3_v3000_chi3000_cond, 50.734, 160.123, 201689.022, 5.51427944859e+17, 14758128640.0, 5.51427944849e+17, 11.6370487757, 18.975525831, 0.0111388561612, 7.56467848323e+15, 9923813.71603
T3_v3000_chi3000_cond, 53.058, 154.252, 213084.684, 2.90751775677e+14, 4171334.6875, 2.90751754349e+14, 0.706631460707, 19.7403413158, 1.10969603506e-08, 1.68900566798e+13, 73444.0429688
T3_v3000_chi3000_cond, 68.26, 197.036, 256416.221, 5.40493563531e+14, 8843412.125, 5.40492667543e+14, 10.4919543572, 5.80137675315, 4.62498941705e-05, 7.63317467863e+12, 2758.60554561
T1_v1700_chi1000_cond, 7.021, 1580.652, 215856.419, 7.90146180958e+13, 3227245.8125, 7.89776396117e+13, 0.28982657309, 4.75259658652, 2.5371290624e-09, 8.31213490064e+12, 21313.3134766
T1_v1700_chi1000_cond, 29.653, 1566.618, 207058.425, 1.32986717284e+14, 1696725.32812, 1.32974311269e+14, 0.733836328096, 8.43044693433, 1.1114524745e-08, 7.53302070817e+12, 24644.5263672
T1_v1700_chi1000_cond, 27.811, 1474.043, 214387.716, 9.90867599251e+13, 775424.65625, 9.90829371403e+13, 1.6420578791, 9.51313113515, 2.01586929371e-08, 3.33142950615e+12, 23913.766838
T1_v1700_chi1000_cond, 28.033, 1555.721, 229623.298, 5.96944866717e+13, 727725.257812, 5.96921137519e+13, 6.42641481618, 5.15640976851, 1.52815468724e-07, 9.95061609655e+11, 6793.47158363
T0.3_v1000_chi300, 179.615, 720.219, 208131.95, 3.64963965121e+13, 1.8115794615e+12, 3.64962082371e+13, 0.0110818574455, 31.8736555973, 3.31396699846e-07, 2.10807972647e+13, 13679.546875
T0.3_v1000_chi300, 236.998, 594.281, 207253.39, 4.12195014414e+13, 4.19556223998e+12, 4.12192592662e+13, 0.00962171838838, 37.9349345712, 5.34454872726e-07, 2.49289554574e+13, 17091.2929688
T0.3_v1000_chi300, 266.66, 539.817, 208551.777, 5.62853380358e+13, 1.51287028071e+13, 5.62850945064e+13, 0.0168236260195, 39.1577794571, 7.13439080958e-06, 2.79450004265e+13, 15137.765625
T0.3_v1000_chi300, 280.679, 540.63, 210519.569, 4.4960165301e+13, 51909588103.0, 4.49563953998e+13, 0.0235386343839, 26.1992651413, 3.48727866029e-10, 1.94382276458e+13, 8969.97265625
T3_v3000_chi3000, 162.873, 366.161, 205585.919, 3.68081720893e+13, 5.99794995233e+12, 3.68060720239e+13, 0.0163577695521, 29.9996455149, 6.23950715088e-08, 1.84751672993e+13, 10137.453125
T3_v3000_chi3000, 182.935, 235.178, 203933.496, 1.01258487553e+14, 47475842246.8, 1.01258344223e+14, 0.0876717719176, 38.5479574303, 7.4139559908e-09, 2.24029953674e+13, 215629.699219
T3_v3000_chi3000, 197.621, 207.208, 204423.097, 8.00683872442e+13, 517319122865.0, 8.00653762693e+13, 0.0360447462127, 28.9662623715, 8.37674676846e-09, 2.84593336605e+13, 10515.2382812
T3_v3000_chi3000, 196.437, 343.592, 203687.301, 3.63486756838e+13, 480738853395.0, 3.63478474328e+13, 0.0570059638406, 28.4356158645, 2.66809699889e-08, 1.0221485437e+13, 128993.373047
T1_v1700_chi1000, 162.707, 1396.314, 205514.418, 3.52382850272e+13, 3.19881649768e+12, 3.52379597002e+13, 0.0165747454773, 44.5344222457, 2.92763966984e-05, 1.75971543481e+13, 9597.5546875
T1_v1700_chi1000, 193.415, 1294.141, 204225.097, 5.09080235114e+13, 396695535301.0, 5.04907404418e+13, 0.0174108576714, 18.9388794716, 3.53489029714e-10, 2.49372494447e+13, 13296.3007812
T1_v1700_chi1000, 220.805, 1244.515, 204343.567, 7.74294614178e+13, 576939467066.0, 7.74293627707e+13, 0.0288900068803, 41.3501005982, 9.79372452557e-07, 3.05520027301e+13, 12709.3710938
T1_v1700_chi1000, 201.292, 1318.119, 203836.423, 6.83811940397e+13, 229254851583.0, 6.83716604655e+13, 0.0566928923351, 23.7597399957, 1.40062843962e-09, 1.92860358678e+13, 244132.566406
HC_v1000_chi300_cond, 290.406, 543.699, 228245.101, 2.2698565937e+14, 8.26895401028e+13, 2.26984831204e+14, 0.0230078793612, 35.9671436724, 3.97311232682e-06, 9.91072814948e+13, 46251.8125
HC_v1000_chi300_cond, 270.981, 544.552, 232404.105, 3.03546913568e+14, 233745437300.0, 3.03546736293e+14, 0.0562331018255, 33.0907044694, 1.89106345166e-09, 8.59851842094e+13, 1093364.67188
HC_v1000_chi300_cond, 338.785, 421.024, 239365.402, 2.01041650149e+14, 7.66825197034e+12, 2.01041536576e+14, 0.0435595920191, 34.9968827355, 8.92605715008e-07, 6.50497872851e+13, 946776.5625
HC_v1000_chi300_cond, 457.015, 202.971, 260807.268, 2.6769468234e+14, 43422197595.7, 2.67693677541e+14, 0.109504580992, 31.7314494546, 3.37531462502e-09, 5.19782930161e+13, 418238.101562
HC_v1700_chi1000_cond, 48.048, 120.057, 142478.188, 3.58419154468e+15, 72359718.5, 3.58419152602e+15, 11.9550365034, 12.178260293, 0.0103742698832, 4.88148064345e+13, 88699.6684206
HC_v1700_chi1000_cond, 131.627, 1447.853, 222469.888, 4.27855186835e+14, 4462087.375, 4.27854874427e+14, 1.20014628727, 10.245796356, 2.0562818559e-08, 1.75364603353e+13, 98919.310473
HC_v1700_chi1000_cond, 51.401, 93.647, 124278.922, 3.06269559524e+13, 791128.25, 3.06268734144e+13, 32.2534320678, 0.850625417137, 0.0020155864066, 3.46174396911e+11, 1.22824573263
HC_v1700_chi1000_cond, 78.526, 106.784, 145875.229, 2.13874889525e+13, 372700.789062, 2.13844799668e+13, 29.8122016027, 0.105736950333, 0.000487427018552, 2.44169296047e+11, 3112.59019659
HC_v3000_chi3000_cond, 51.496, 78.637, 238319.398, 1.01353215629e+15, 9577074.0, 1.01353146432e+15, 6.49775565928, 8.23291852728, 1.41472963122e-07, 1.6822886067e+13, 130729.387263
HC_v3000_chi3000_cond, 56.533, 118.461, 232064.75, 9.98680190233e+14, 11719720.75, 9.98679439978e+14, 5.50885761367, 8.1955527514, 4.3795974225e-05, 1.77142546169e+13, 18519.5387396
HC_v3000_chi3000_cond, 84.784, 127.496, 221170.793, 3.9156235987e+14, 4961619.125, 3.91562293912e+14, 7.65713435198, 8.82672519765, 1.80777305712e-05, 6.11761389046e+12, 30.145871295
HC_v3000_chi3000_cond, 53.973, 134.905, 226004.908, 2.61201274122e+14, 5182354.40625, 2.6120121157e+14, 20.7368739298, 2.17058230584, 0.00500513684797, 3.15248809676e+12, 576.603680246
LowCond_v1700_chi300_cond, 62.294, 1575.964, 220125.314, 9.38519741847e+13, 912481.34375, 9.38515343291e+13, 2.97121894323, 9.91629770193, 2.01901920516e-07, 2.23765978252e+12, 8553.41067097
LowCond_v1700_chi300_cond, 86.31, 1521.548, 260631.666, 5.92863670847e+13, 522987.25, 5.92851161297e+13, 0.639666264098, 7.61275880293, 7.69989283445e-09, 3.6810223697e+12, 54177.2138672
LowCond_v1700_chi300_cond, 85.503, 1514.538, 246140.772, 5.85500976316e+13, 590511.671875, 5.85476043789e+13, 0.904894682363, 9.37291122439, 1.58653916671e-08, 2.88583827505e+12, 23318.2392886
LowCond_v1700_chi300_cond, 151.344, 1421.074, 216047.92, 1.02789644621e+14, 752376.828125, 1.02789494048e+14, 1.54899892433, 10.7019139542, 2.08791637313e-08, 3.58327104995e+12, 40349.0367985
T0.3_v1700_chi300_cond, 29.134, 1654.485, 215269.733, 7.1975249133e+13, 234969789.812, 7.19741955279e+13, 0.189620003242, 15.5689993548, 2.42351635982e-09, 9.9608168403e+12, 49357.3261719
T0.3_v1700_chi300_cond, 37.203, 1600.323, 223077.494, 6.53768663003e+13, 657290.921875, 6.53728730076e+13, 0.566384735351, 14.0895884148, 7.10741476784e-09, 4.40374132906e+12, 13647.9394531
T0.3_v1700_chi300_cond, 55.433, 1533.546, 242279.948, 1.1042456419e+14, 3048697.15625, 1.10418803055e+14, 1.16423630525, 6.32677544916, 3.38337344807e-08, 4.61561399442e+12, 27258.1918159
T0.3_v1700_chi300_cond, 72.954, 1515.669, 229725.542, 7.9630613094e+13, 727659.890625, 7.96305308177e+13, 3.98713800369, 7.88934291917, 7.41592938169e-08, 1.63426885436e+12, 21.5233864743
T0.3_v3000_chi300_cond, 128.859, 2841.295, 214751.368, 1.97441093744e+14, 1343307126.97, 1.97440791987e+14, 0.133132975416, 27.9133172323, 2.10282846691e-09, 3.40691380661e+13, 230263.734375
T0.3_v3000_chi300_cond, 34.118, 2955.149, 213598.762, 2.37828946117e+14, 1819823.5625, 2.3782703439e+14, 0.516515210321, 9.08384383176, 5.98456917356e-09, 1.70402535447e+13, 17829.0527344
T0.3_v3000_chi300_cond, 123.059, 2869.53, 213993.645, 2.78783172386e+14, 3400534.9375, 2.78782926347e+14, 0.628232864443, 13.2580313694, 1.25340848811e-08, 1.75195223498e+13, 135068.113281
T0.3_v3000_chi300_cond, 181.921, 2642.463, 214771.344, 1.59725901818e+14, 1259889.5625, 1.59704252196e+14, 3.92567124499, 5.24960419728, 6.65740262917e-08, 3.30282942155e+12, 34.7508971312
T3_v860_chi3000_cond, -4.943, 290.341, 214967.711, 5.91996758935e+13, 298776.03125, 5.91981795953e+13, 0.848689820353, 9.21488239407, 8.74686845176e-09, 3.04429768059e+12, 23790.3598562
T3_v860_chi3000_cond, 8.993, 225.362, 210457.034, 4.92425470533e+13, 92998804.8438, 4.92417934245e+13, 0.271389629717, 12.1571932201, 2.6419688659e-09, 5.40805574263e+12, 14173.1416016
T3_v860_chi3000_cond, 11.259, 445.638, 223408.334, 5.25117225639e+13, 3342262.44531, 5.25089651879e+13, 0.527275225506, 14.7868072511, 8.1826414533e-09, 3.71082311641e+12, 4776.47607422
T3_v860_chi3000_cond, 20.033, 453.367, 212020.738, 4.43347721255e+13, 600529.765625, 4.43337437139e+13, 1.38927915437, 12.9282521973, 2.70597075858e-08, 1.654892033e+12, 19985.340639
T10_v1500_chi10000_cond, -13.688, 232.45, 206149.321, 1.81340919774e+14, 1585680.4375, 1.81340235489e+14, 3.44684348563, 8.13263645022, 6.05203140935e-08, 4.00064679107e+12, 10.8969805584
T10_v1500_chi10000_cond, 9.623, 187.461, 204454.967, 5.2258808263e+13, 272614.632812, 5.22579055417e+13, 0.798529092853, 5.76084795112, 7.91426202351e-09, 2.79826637773e+12, 3968.98779297
T10_v1500_chi10000_cond, 16.071, 187.851, 213587.15, 1.12306838118e+14, 2352376.4375, 1.11237049135e+14, 0.619398676974, 4.91894863512, 1.07941953154e-08, 7.12490338869e+12, 100305.522461
T10_v1500_chi10000_cond, 22.718, 171.2, 217722.601, 8.29010957184e+13, 883763.171875, 8.2900067214e+13, 7.06526121194, 6.37957403875, 2.19816962854e-07, 1.33328222461e+12, 2.00581481745
T1_v480_chi1000_cond, -1.886, 460.497, 202001.918, 1.94081213306e+13, 114242.832031, 1.94077522854e+13, 0.820850486153, 13.0941682616, 6.94767654519e-09, 1.02037372402e+12, 13617.3731007
T1_v480_chi1000_cond, 10.616, 492.625, 224338.817, 4.59315310651e+13, 535005.734375, 4.59308772445e+13, 2.70686572503, 13.0726261163, 5.66399918078e-08, 1.15198859355e+12, 1419.18140113
T1_v480_chi1000_cond, 9.653, 499.372, 260415.051, 2.87183504502e+13, 505344.800781, 2.87166381999e+13, 4.36073579325, 4.66735494557, 1.40652216096e-07, 5.64882273319e+11, 26.5587514414
T1_v480_chi1000_cond, 14.052, 520.064, 258853.163, 1.34131029532e+13, 199568.589844, 1.34130086463e+13, 12.4452022222, 5.52036701045, 2.51139250729e-06, 1.80764703722e+11, 529.859348137
T0.3_v1700_chi300, 232.628, 1328.337, 208871.738, 5.5242287832e+13, 1.93622684854e+14, 5.52266272627e+13, 0.0236253482984, 39.194687142, 0.00118192774435, 2.38455825169e+13, 10983.8007812
T0.3_v1700_chi300, 285.643, 1236.428, 207650.665, 6.63235634154e+13, 251200416285.0, 6.63234329761e+13, 0.0341405317118, 34.407292005, 1.75290743601e-07, 2.4198851742e+13, 9211.86328125
T0.3_v1700_chi300, 231.243, 1298.686, 204376.488, 1.11988424139e+14, 3066089303.27, 1.11979041073e+14, 0.158068109674, 12.4062512393, 5.63963045708e-09, 1.73796984948e+13, 102773.136719
T0.3_v1700_chi300, 323.298, 1210.865, 207570.786, 6.82233523758e+13, 34567079094.9, 6.82232640794e+13, 0.0632715069152, 37.2734942501, 5.64239326095e-09, 1.81321590003e+13, 215623.980469
T0.3_v3000_chi300, 288.333, 2502.617, 211229.67, 1.14699793981e+14, 156043685000.0, 1.14697406616e+14, 0.0805989785455, 25.6125107241, 1.07385735026e-09, 2.66312474822e+13, 271991.355469
T0.3_v3000_chi300, 349.726, 2370.154, 210211.081, 1.68729798252e+14, 326899525561.0, 1.6872599851e+14, 0.139342898742, 24.8499822444, 6.55763765511e-09, 2.83122363492e+13, 184156.503906
T0.3_v3000_chi300, 373.198, 2317.372, 208226.087, 1.85833653234e+14, 18294313.6562, 1.85833636662e+14, 0.229193388233, 44.9276379274, 4.57155654998e-09, 2.27776401865e+13, 80401.0625
T0.3_v3000_chi300, 505.491, 2039.426, 210057.282, 7.7337530357e+13, 1.41172751319e+12, 7.73294555378e+13, 0.10803665302, 26.4876411297, 7.7242530705e-09, 1.51378726447e+13, 123251.332031
T3_v430_chi3000, 42.959, 130.409, 200384.007, 1.8402118477e+13, 2.80083143245e+12, 1.83987595161e+13, 0.0237453191142, 33.4263923658, 3.09909509062e-08, 7.92590749597e+12, 3641.71582031
T3_v430_chi3000, 51.912, 148.276, 200249.577, 2.01555804709e+13, 45529740211.0, 2.0154053948e+13, 0.0126676580186, 36.2548289662, 9.70951943846e-10, 1.11191060267e+13, 6827.13867188
T3_v430_chi3000, 53.653, 131.377, 201117.772, 1.26087641972e+13, 1.9445613408e+12, 1.26085059363e+13, 0.00601594005433, 37.4977301269, 4.39156760054e-08, 8.71794587404e+12, 6887.88574219
T3_v430_chi3000, 68.238, 104.345, 202800.889, 1.41165028913e+13, 1.91405764656e+12, 1.41102955299e+13, 0.00657870209405, 32.9057220153, 1.58243414969e-08, 9.53582130256e+12, 7378.18359375
T3_v860_chi3000, 56.611, 277.18, 201675.837, 1.66015717135e+13, 251440256055.0, 1.66014925433e+13, 0.0160111549832, 33.8772644535, 2.44377634448e-09, 8.40184488501e+12, 4655.29492188
T3_v860_chi3000, 61.861, 185.268, 202581.902, 1.43262047684e+13, 3.01246266646e+12, 1.43259514596e+13, 0.0065545622614, 41.4134286415, 2.41400544845e-07, 9.68693876778e+12, 7502.30273438
T3_v860_chi3000, 93.189, 161.425, 201919.091, 1.9891458949e+13, 5.76090566747e+12, 1.98900718896e+13, 0.00560645567108, 29.8192945902, 9.54370315701e-08, 1.39980278253e+13, 11213.8320312
T3_v860_chi3000, 107.29, 150.367, 201658.362, 2.54200868335e+13, 367445543724.0, 2.54199113492e+13, 0.0110372074105, 27.3909388713, 4.06019416751e-08, 1.47028179434e+13, 9556.2421875
T1_v3000_chi1000, 212.043, 2579.624, 208920.028, 6.03475498639e+13, 1.47313121849e+13, 6.02487022951e+13, 0.0289552274835, 33.7143124553, 1.35912214653e-07, 2.37872154318e+13, 9883.75390625
T1_v3000_chi1000, 288.322, 2418.498, 208001.124, 7.16469807115e+13, 5.63387405802e+12, 7.16466090893e+13, 0.0344351639711, 31.4895622366, 5.70558974046e-07, 2.60336934531e+13, 9863.9921875
T1_v3000_chi1000, 206.283, 2584.961, 203372.637, 1.75693001183e+14, 87550810.2188, 1.75692490628e+14, 0.23842696358, 22.233463832, 3.92618992873e-09, 2.09916694262e+13, 68299.0390625
T1_v3000_chi1000, 334.258, 2314.461, 208351.59, 6.01126319392e+13, 2.98605696969e+12, 6.01060777645e+13, 0.0362583508167, 28.998526849, 1.1045738102e-08, 2.13050870466e+13, 7845.90234375
T10_v1500_chi10000, 55.574, 156.672, 200388.282, 1.39676957728e+13, 2.06238884126e+12, 1.39663203555e+13, 0.0106216718145, 26.0425214788, 3.82077451795e-08, 8.1823145961e+12, 5400.27441406
T10_v1500_chi10000, 78.469, 131.427, 201578.477, 1.86222595046e+13, 7.93735630942e+12, 1.86200285381e+13, 0.00549448280712, 23.750066785, 4.99887792566e-08, 1.31696504833e+13, 10587.4570312
T10_v1500_chi10000, 72.007, 119.399, 202427.408, 2.23184553523e+13, 179614732541.0, 2.23172895877e+13, 0.0202501892878, 21.9691227788, 1.2442266141e-09, 1.02846986439e+13, 5106.7890625
T10_v1500_chi10000, 86.621, 140.966, 202520.689, 1.63960105855e+13, 8.01738973656e+12, 1.63958757561e+13, 0.00913282849863, 38.0416510098, 2.49318317735e-05, 1.00789864474e+13, 7043.75390625
T1_v480_chi1000, 68.503, 420.496, 205037.828, 1.09899941401e+13, 1.68772852353e+12, 1.09884772342e+13, 0.00826259442207, 26.6869405386, 1.340502713e-08, 6.9635037999e+12, 5038.46289062
T1_v480_chi1000, 62.588, 414.843, 206476.197, 1.91223526982e+13, 1.64164319558e+12, 1.91198292115e+13, 0.00752627522332, 33.0137828653, 2.89161793902e-09, 1.24484043361e+13, 9278.078125
T1_v480_chi1000, 93.246, 352.578, 202650.311, 2.25581113419e+13, 3.35030779234e+12, 2.25095883874e+13, 0.00776921496774, 24.609014384, 4.17406441008e-09, 1.45523894621e+13, 10740.9960938
T1_v480_chi1000, 117.95, 335.948, 203726.339, 2.65782124149e+13, 3.86825713749e+12, 2.65777684924e+13, 0.0101159051216, 45.2574673268, 1.30271891836e-07, 1.58191013598e+13, 10641.6347656
