Run, velocity(km/s), b(km/s), Temp(K), N_fit, upper_N_err, lower_N_err, q_fit, upper_q_err, lower_q_err, area, area_err
T0.3_v1000_chi300_cond, 51.391, 942.869, 567614.879, 1.80479213646e+14, 2464149.96875, 1.80476838632e+14, 1.57569943993, 11.6601677312, 3.40776571406e-08, 6.22498603296e+12, 78299.5209549
T0.3_v1000_chi300_cond, 62.124, 886.753, 780768.309, 1.98126699743e+14, 1913094.5, 1.98126586437e+14, 0.966998458647, 19.6290146021, 1.10650670848e-08, 9.34747401894e+12, 121004.685381
T0.3_v1000_chi300_cond, 108.076, 823.157, 795625.806, 1.01079394463e+14, 176434941.828, 1.01076552152e+14, 0.529791078286, 14.9691886716, 6.07940209285e-09, 7.12019521361e+12, 9629.27929688
T0.3_v1000_chi300_cond, 172.223, 715.885, 681237.362, 1.56012279798e+14, 105459576.031, 1.56012033265e+14, 0.623427552121, 13.6697510442, 1.13459560636e-08, 9.85477289745e+12, 100782.851562
T3_v3000_chi3000_cond, 26.957, 2716.906, 368292.176, 6.14202601457e+14, 4468205381.38, 6.14202249955e+14, 0.173529481079, 18.7147720605, 2.63815425061e-09, 8.99043126987e+13, 493038.25
T3_v3000_chi3000_cond, 50.364, 504.144, 263274.031, 1.28050594794e+18, 55360795904.0, 1.28050594792e+18, 9.67651314713, 24.6265179895, 0.00131295472024, 1.85250821425e+16, 2345217.80163
T3_v3000_chi3000_cond, 50.745, 376.384, 366383.009, 1.40899429806e+15, 13162503.0, 1.40899247917e+15, 0.631413615863, 7.15569391811, 7.19130466287e-09, 8.82463886337e+13, 1274587.3125
T3_v3000_chi3000_cond, 62.414, 537.102, 386940.85, 3.52300911663e+15, 46856517.0, 3.52300866791e+15, 7.57656062367, 9.35067749971, 1.89746313772e-07, 5.52480170531e+13, 233.381901132
T1_v1700_chi1000_cond, 9.48, 1577.86, 362383.522, 4.34823999551e+14, 466026290.688, 4.3482085037e+14, 0.297801342268, 14.2233845781, 4.46948994481e-09, 4.49340717339e+13, 117757.59375
T1_v1700_chi1000_cond, 27.895, 1567.848, 364212.451, 5.85128772758e+14, 23492746.625, 5.85127787028e+14, 0.705435656902, 10.6862570288, 7.86565090838e-09, 3.40291666683e+13, 149731.386719
T1_v1700_chi1000_cond, 27.025, 1474.182, 389516.666, 4.39594436982e+14, 4838933.875, 4.39593187671e+14, 1.36923824967, 12.0471812056, 2.35825918793e-08, 1.65606439714e+13, 216499.437056
T1_v1700_chi1000_cond, 26.274, 1556.873, 426585.585, 4.11680257102e+14, 3667842.75, 4.11676717952e+14, 6.25470778139, 6.88128071819, 1.55732911011e-07, 6.93532139998e+12, 34367.8099678
T0.3_v1000_chi300, 194.963, 707.352, 371111.048, 1.58096940551e+14, 6.21306051411e+13, 1.5809669934e+14, 0.0103240028858, 45.8129131478, 0.000101720378528, 9.3479079977e+13, 62389.984375
T0.3_v1000_chi300, 252.181, 583.857, 369892.477, 1.87568433461e+14, 8.75970602937e+13, 1.87555595776e+14, 0.00887484222845, 32.3105704528, 8.45347714044e-07, 1.16321691693e+14, 82128.890625
T0.3_v1000_chi300, 287.297, 525.189, 382410.434, 2.65638666913e+14, 3.50525350286e+13, 2.65638462139e+14, 0.0146623984658, 39.8318555183, 2.2380083103e-05, 1.38981217522e+14, 80104.859375
T0.3_v1000_chi300, 301.041, 522.822, 399333.154, 1.93112377868e+14, 1.40797978007e+12, 1.9311202555e+14, 0.0202374216383, 38.1008705461, 1.00417336172e-07, 8.90124989171e+13, 44211.75
T3_v3000_chi3000, 169.821, 2592.6, 338266.677, 1.61428741905e+14, 2.37515451615e+13, 1.61428371803e+14, 0.0157462316607, 31.7309500737, 6.98132750439e-07, 8.22201162154e+13, 45902.171875
T3_v3000_chi3000, 188.133, 2457.624, 336505.578, 3.13809708647e+14, 1.79777198496e+13, 3.13808557564e+14, 0.0398249859433, 35.1926258156, 2.77872087978e-08, 1.06209115979e+14, 37088.234375
T3_v3000_chi3000, 203.431, 2439.185, 338325.124, 3.65040570578e+14, 471182572998.0, 3.65040073975e+14, 0.0321140328882, 31.3566215671, 4.32073582468e-09, 1.37119140061e+14, 53949.90625
T3_v3000_chi3000, 204.44, 2583.884, 338840.537, 2.72410787237e+14, 481143801839.0, 2.72410764037e+14, 0.162222733702, 32.2755085961, 4.49009465997e-08, 4.15964940949e+13, 241298.148438
T1_v1700_chi1000, 169.617, 1388.988, 341858.983, 1.61504942502e+14, 1.13959375476e+14, 1.61493119672e+14, 0.0174410199071, 25.8224585776, 8.48298258768e-06, 7.90590168765e+13, 42119.453125
T1_v1700_chi1000, 201.13, 1286.085, 339178.878, 2.13126621405e+14, 1.43672285626e+14, 2.13094545312e+14, 0.015089638659, 26.8437709795, 4.27911520994e-06, 1.10315993537e+14, 62776.625
T1_v1700_chi1000, 229.758, 1235.42, 341551.542, 3.87701226398e+14, 2.22935522418e+13, 3.87676721968e+14, 0.0261164583643, 28.8701436304, 9.85744425322e-09, 1.60129417665e+14, 70148.625
T1_v1700_chi1000, 207.337, 1311.721, 342223.705, 3.09549325038e+14, 923731705365.0, 3.09547255216e+14, 0.0533583052425, 38.1980739969, 2.40991892483e-08, 9.01663726929e+13, 1179944.29688
HC_v1000_chi300_cond, 327.875, 509.066, 530210.303, 1.17170933608e+15, 1.52423949424e+14, 1.17170923478e+15, 0.0200012933736, 42.3237655431, 4.68997047325e-05, 5.42709972393e+14, 271077.9375
HC_v1000_chi300_cond, 324.296, 495.917, 625010.102, 1.57683568829e+15, 5.34236742584e+12, 1.57683544806e+15, 0.0543778878293, 34.3365684909, 5.46818716862e-07, 4.54721083556e+14, 5889682.8125
HC_v1000_chi300_cond, 410.503, 353.723, 716415.811, 1.06639747333e+15, 6.95296214456e+13, 1.06639163318e+15, 0.0356107175093, 35.886082668, 2.56954531643e-06, 3.81269497332e+14, 141820.6875
HC_v1000_chi300_cond, 577.335, 99.568, 1044521.552, 1.03350270573e+15, 3.65870879473e+12, 1.03350156045e+15, 0.0655016434655, 36.8922200351, 1.23184170225e-08, 2.6951378102e+14, 3140192.0
HC_v1700_chi1000_cond, 73.935, 413.975, 421914.158, 1.90993859201e+15, 25653565.75, 1.90993808433e+15, 8.22788333747, 6.95294947298, 5.57951123046e-05, 2.9109715507e+13, 402.005918697
HC_v1700_chi1000_cond, 125.02, 1453.884, 387376.147, 1.96671604515e+15, 60532496.25, 1.96670258061e+15, 0.907698711738, 10.532517518, 1.70842104907e-08, 9.67383986714e+13, 727359.5217
HC_v1700_chi1000_cond, 75.986, 2816.18, 1479167.218, 8.5420505799e+12, 139232.359375, 8.53143539287e+12, 22.0890827272, 0.0357200936358, 2.01558570012e-06, 1.01978646343e+11, 41.1013125117
HC_v1700_chi1000_cond, 89.633, 2804.101, 1238838.746, 3.1132349759e+13, 615344.070312, 3.11316573073e+13, 24.2036639053, 2.64660841499, 1.97734300329e-05, 3.66204786621e+11, 445.393301994
HC_v3000_chi3000_cond, 50.845, 438.164, 446809.934, 6.73637489676e+15, 90034624.0, 6.73637487869e+15, 5.29481228946, 15.594951487, 1.74222487992e-07, 1.21507148382e+14, 76737.5807322
HC_v3000_chi3000_cond, 52.132, 2680.401, 410649.031, 5.81155582298e+15, 68900326.0, 5.81155569116e+15, 4.64147080353, 17.1724339061, 9.83075514327e-08, 1.11081733542e+14, 12324.257702
HC_v3000_chi3000_cond, 70.027, 437.529, 392274.965, 2.60881036471e+15, 39454423.5, 2.60880786477e+15, 10.8924739057, 6.60148897648, 0.00040290335617, 3.64497918893e+13, 21143.6925237
HC_v3000_chi3000_cond, 54.251, 2790.205, 383878.208, 1.3083203069e+15, 23474816.25, 1.30831863853e+15, 18.9539593494, 3.47269948082, 6.24301817069e-05, 1.60526247551e+13, 917.749963253
LowCond_v1700_chi300_cond, 128.85, 1509.617, 498536.331, 4.3695269658e+14, 5634192.75, 4.36922868625e+14, 2.36818276262, 9.5996061996, 4.84182995919e-08, 1.18127390469e+13, 7561.18232861
LowCond_v1700_chi300_cond, 131.043, 1477.743, 698288.816, 3.18371549994e+14, 26220560.4375, 3.17038336759e+14, 0.545845421631, 6.2280025726, 8.69533978154e-09, 2.19825748078e+13, 41379.21875
LowCond_v1700_chi300_cond, 131.706, 1469.056, 721016.762, 3.18853700619e+14, 5535440.6875, 3.18848097213e+14, 0.938426391602, 14.5022210894, 1.84114828938e-08, 1.53431323068e+13, 174916.08363
LowCond_v1700_chi300_cond, 190.381, 1382.087, 470783.385, 4.86561057455e+14, 5534471.5625, 4.86560004167e+14, 1.48968846389, 15.3347297867, 2.81734071628e-08, 1.73806539528e+13, 172720.081255
T0.3_v1700_chi300_cond, 35.109, 1649.279, 373320.887, 4.17190263048e+14, 4555191558.62, 4.17190171484e+14, 0.222038235742, 25.7961712448, 4.59279450582e-09, 5.21915851567e+13, 196593.414062
T0.3_v1700_chi300_cond, 49.302, 1588.12, 487255.527, 3.80692339741e+14, 16325540.8125, 3.80691485978e+14, 0.739063253877, 11.7151257732, 1.55712162053e-08, 2.14624664484e+13, 66230.828125
T0.3_v1700_chi300_cond, 67.495, 1521.466, 621563.211, 4.80018875189e+14, 8771079.875, 4.80018154841e+14, 0.795968866141, 18.9224544173, 1.54668656771e-08, 2.57581686925e+13, 37968.421875
T0.3_v1700_chi300_cond, 88.553, 1500.086, 730231.12, 3.03449263957e+14, 2697699.0, 3.03449221324e+14, 3.09164585162, 14.2290982199, 5.13778588562e-08, 7.08357527289e+12, 44008.4016789
T0.3_v3000_chi300_cond, 140.698, 2833.181, 372991.385, 2.3104098186e+15, 15439145.5, 2.31040975566e+15, 0.419638922484, 19.664468811, 5.1605149598e-09, 1.90205408853e+14, 2252169.25
T0.3_v3000_chi300_cond, 40.374, 2949.562, 381239.853, 1.17085952545e+15, 8624445.75, 1.17085926385e+15, 0.55758874674, 15.3906665628, 4.84065909578e-09, 7.96996140837e+13, 196446.140625
T0.3_v3000_chi300_cond, 123.755, 2868.873, 365081.895, 1.53044552399e+15, 29818919.5, 1.53044425928e+15, 0.648674685705, 13.0309233794, 7.88700316168e-09, 9.41386253234e+13, 1110006.03125
T0.3_v3000_chi300_cond, 194.946, 2629.541, 408259.66, 6.55295672524e+14, 5178789.25, 6.5529514231e+14, 3.19963697734, 7.86440959861, 5.58540458329e-08, 1.50231751243e+13, 141023.273445
T3_v860_chi3000_cond, -3.619, 663.419, 343464.464, 3.45488303202e+14, 2854032.0625, 3.45483775269e+14, 0.879865431368, 11.6273641704, 9.97475635423e-09, 1.73471486095e+13, 253206.067268
T3_v860_chi3000_cond, 8.217, 841.537, 367318.606, 2.39927890782e+14, 424737122.344, 2.39927378168e+14, 0.273676044656, 19.9579530182, 4.54806076133e-09, 2.62059196582e+13, 68155.109375
T3_v860_chi3000_cond, 10.919, 708.848, 460167.866, 3.27977126123e+14, 43313826.25, 3.2797462283e+14, 0.740605789719, 10.6802331825, 1.51275453275e-08, 1.84648311855e+13, 55992.3085938
T3_v860_chi3000_cond, 18.076, 755.807, 386253.476, 2.42475672758e+14, 3747723.28125, 2.42475459133e+14, 1.52227915657, 14.4331314612, 3.22634334804e-08, 8.54504063772e+12, 88893.604494
T10_v1500_chi10000_cond, -20.21, 812.786, 342279.484, 7.06446198542e+14, 4247532.375, 7.0643703629e+14, 2.83796148486, 9.36264987096, 3.57545624219e-08, 1.72655247831e+13, 37451.8083985
T10_v1500_chi10000_cond, 7.814, 361.146, 355457.744, 2.58845450147e+14, 2209585.25, 2.58845068426e+14, 0.899962028236, 10.4665336666, 8.25211399214e-09, 1.28042042583e+13, 117060.533359
T10_v1500_chi10000_cond, 15.022, 664.234, 388609.315, 4.96515505934e+14, 4273244.8125, 4.96512998247e+14, 0.527083851329, 17.2110893478, 7.01206737119e-09, 3.50955784598e+13, 45005.4335938
T10_v1500_chi10000_cond, 20.796, 407.369, 388771.712, 3.54538592638e+14, 3017186.125, 3.5453847812e+14, 4.93257471467, 11.0483793622, 1.82537606364e-07, 6.59475301401e+12, 1653.99546051
T1_v480_chi1000_cond, -1.972, 459.179, 397929.577, 6.45177757615e+13, 7780858.74219, 6.45167127166e+13, 0.796794741195, 10.5891736867, 7.40074190819e-09, 3.45968570558e+12, 5036.9921875
T1_v480_chi1000_cond, 9.872, 492.142, 467425.05, 2.85526680076e+14, 3620224.75, 2.85524740284e+14, 3.80738657542, 7.0125631438, 1.80607816258e-07, 5.99307151111e+12, 40.7481853304
T1_v480_chi1000_cond, 7.935, 499.834, 583386.635, 1.53884597347e+14, 3900728.84375, 1.53884336312e+14, 4.71409705857, 6.23311518961, 2.61885488406e-07, 2.9207834014e+12, 399.857031321
T1_v480_chi1000_cond, 16.342, 516.656, 887568.415, 3.81363040146e+13, 550852.132812, 3.81360729369e+13, 11.3867278499, 2.64697247579, 1.32315645551e-05, 5.26279315119e+11, 529.31617759
T0.3_v1700_chi300, 245.566, 1320.356, 355013.016, 2.52364421316e+14, 1.42271582364e+14, 2.5236408003e+14, 0.0207380245487, 40.3941686801, 4.80648707833e-05, 1.15148283364e+14, 56526.25
T0.3_v1700_chi300, 303.336, 1223.921, 358364.86, 3.10383836222e+14, 6.13716038843e+12, 3.10383070507e+14, 0.0324353962091, 36.7911691297, 2.73387464542e-08, 1.16041694619e+14, 45414.578125
T0.3_v1700_chi300, 254.623, 1278.033, 376641.2, 4.13206457925e+14, 113365230122.0, 4.13205378105e+14, 0.0826566004352, 29.4087533246, 2.57272905757e-09, 9.45682576384e+13, 949229.0625
T0.3_v1700_chi300, 346.477, 1190.043, 371937.589, 2.8739803955e+14, 263326693154.0, 2.87397780725e+14, 0.0550733438746, 37.7452355667, 5.59012261689e-08, 8.23206138069e+13, 1058852.39062
T0.3_v3000_chi300, 301.354, 2492.206, 357946.877, 5.31728130947e+14, 97950691302.1, 5.31726145825e+14, 0.0657323744374, 35.9613959391, 1.07320753673e-09, 1.38394531823e+14, 1609103.70312
T0.3_v3000_chi300, 370.801, 2353.356, 357682.631, 5.92834086242e+14, 1.28734468824e+13, 5.92834008677e+14, 0.0671468732095, 41.3814238707, 2.00257800047e-05, 1.52498183865e+14, 1750581.21875
T0.3_v3000_chi300, 400.593, 2294.724, 368055.763, 8.68119422606e+14, 8429337189.62, 8.6811816288e+14, 0.180600743233, 24.2115283777, 3.83928266956e-09, 1.23909112559e+14, 652255.265625
T0.3_v3000_chi300, 535.953, 2011.538, 369038.355, 3.72586981137e+14, 8.35168735183e+13, 3.7258675028e+14, 0.101704754516, 34.0759093694, 2.28219863942e-06, 7.55876847151e+13, 647943.390625
T3_v430_chi3000, 44.455, 422.348, 331112.182, 7.1960337555e+13, 1.11135353901e+13, 7.19532530817e+13, 0.0184922316426, 25.1878695136, 5.30302649467e-08, 3.44132676466e+13, 17839.8945312
T3_v430_chi3000, 54.177, 417.785, 333343.048, 8.61594078524e+13, 226110380082.0, 8.61592065499e+13, 0.0122230574888, 28.5414669524, 3.97241387354e-10, 4.81294993824e+13, 29996.890625
T3_v430_chi3000, 54.954, 462.754, 336683.889, 5.63522533352e+13, 2.77485115395e+13, 5.63500485832e+13, 0.00723938442456, 36.0945456113, 7.32210332078e-06, 3.70874214177e+13, 27963.6875
T3_v430_chi3000, 69.055, 476.017, 337484.955, 6.1382833814e+13, 7.3824675202e+12, 6.13755983346e+13, 0.00661372748763, 25.748176654, 4.23363232102e-08, 4.14060249482e+13, 31995.109375
T3_v860_chi3000, 58.991, 755.763, 337458.459, 7.55125988428e+13, 1.87308615204e+12, 7.55063677182e+13, 0.0191296397878, 27.5059696261, 1.61967665321e-09, 3.56202074789e+13, 18172.96875
T3_v860_chi3000, 63.113, 716.472, 337685.701, 5.75614041146e+13, 1.87221519859e+13, 5.75604562757e+13, 0.00558045113631, 46.7204633292, 8.12752882001e-06, 4.05533842871e+13, 32513.3203125
T3_v860_chi3000, 95.221, 635.321, 337100.004, 8.40366747912e+13, 7.73868173561e+12, 8.40349338022e+13, 0.00493071175376, 34.0382812603, 5.50464648724e-08, 6.0971518586e+13, 49770.40625
T3_v860_chi3000, 109.355, 586.861, 335220.827, 1.01603206314e+14, 5.60638375266e+12, 1.01602765902e+14, 0.00885184063743, 45.5652859924, 2.42163903734e-07, 6.30597443409e+13, 44563.4296875
T1_v3000_chi1000, 218.121, 2572.391, 346153.95, 2.8787278661e+14, 7.22365807217e+13, 2.8787270916e+14, 0.0295632729705, 49.1800783782, 0.000937332787428, 1.12390472297e+14, 46196.09375
T1_v3000_chi1000, 299.839, 2406.434, 343158.238, 3.20138782063e+14, 8.83534546952e+12, 3.20137940917e+14, 0.0286317719171, 35.2045704771, 1.19312038229e-06, 1.26840738743e+14, 53011.484375
T1_v3000_chi1000, 208.69, 2582.04, 336737.986, 7.69921317661e+14, 5623462480.38, 7.69921089153e+14, 0.216977319765, 34.3432975268, 6.88920401282e-09, 9.7758648317e+13, 385576.921875
T1_v3000_chi1000, 344.258, 2302.667, 346161.376, 2.67069952055e+14, 1.85527956595e+13, 2.67069855116e+14, 0.0305875644775, 35.6147463444, 9.0577641183e-06, 1.02634816954e+14, 41438.953125
T10_v1500_chi10000, 57.075, 304.169, 332169.652, 5.41476778922e+13, 1.72044933122e+13, 5.41283666782e+13, 0.00922605992134, 29.5056224002, 3.24180664864e-08, 3.31812211522e+13, 23104.2148438
T10_v1500_chi10000, 80.05, 231.777, 334471.83, 7.7999347386e+13, 2.0762505766e+13, 7.79972658195e+13, 0.00559059049008, 34.6287248797, 2.2960066779e-06, 5.49279456817e+13, 44025.09375
T10_v1500_chi10000, 72.292, 200.161, 331823.796, 9.94176493531e+13, 3.07927694252e+12, 9.94073453766e+13, 0.0202841109014, 30.6560717586, 1.61498771648e-09, 4.57814728685e+13, 22714.0234375
T10_v1500_chi10000, 87.582, 243.247, 333155.024, 7.11023946235e+13, 1.12602255694e+14, 7.10941441552e+13, 0.00958409143962, 35.0278467962, 0.00121635528509, 4.30549218014e+13, 29561.046875
T1_v480_chi1000, 72.747, 415.37, 353810.5, 4.64231860979e+13, 6.20594448793e+12, 4.64013122948e+13, 0.00725981986396, 26.980645046, 4.42849934675e-10, 3.052875979e+13, 22998.2460938
T1_v480_chi1000, 62.626, 413.605, 355942.478, 7.93789419662e+13, 1.1127062524e+14, 7.93785297619e+13, 0.00587154942528, 33.6054679799, 6.03289076048e-05, 5.52226384989e+13, 43849.8125
T1_v480_chi1000, 95.746, 348.489, 343718.02, 9.45510636365e+13, 1.77049397675e+13, 9.454954484e+13, 0.00757398613996, 32.4808240404, 1.32825662923e-07, 6.14411702358e+13, 45707.2734375
T1_v480_chi1000, 121.497, 330.913, 350553.138, 1.08359462227e+14, 5.53663737914e+12, 1.08359350936e+14, 0.00879034163954, 40.6825506035, 9.89129784919e-08, 6.73958921365e+13, 47744.484375
